#------------------------------------------------------------------------------------------
# Dados de experimento avaliando componentes da biomassa de duas espécies de mudas em
# função da mistura de Na e K na solução nutritiva.
# PLA: espécies (E=Enterolobium contortisiliquum, S=Sesbania virgata)
# TRAT: tratamentos que são os níveis de mistura e os tratamentos adicionais
# K: indica a proporção de potássio na solução de Hoagland-Arnon
# Na: indica proporção de sódio na solução de Hoagland-Arnon
# Naplus: indica que recebeu 100% de K e 50% de Na na solução de Hoagland-Arnon
# BJ: indica que recebeu solução completa de Bolle-Jones
# REP: índice da repetição
# AP: altura de plantas (cm)
# NF: número de folhas final
# MFF: matéria fresca da folha (g)
# MFC: matéria fresca do caule (g)
# MFPA: matéria fresca da parte aérea (g)
# MFR: matéria fresca das raízes (g)
# DC: diâmetro do caule (mm)
# VR: volume de raízes (cm3)
# CR: comprimento de raiz (cm)
# MSF: matéria seca da folha (g)
# MSC: matéria seca do caule (g)
# MSPA: matéria seca da parte aérea (g)
# MSR: matéria seca das raízes (g)
# RRPA: relação raiz/parte aérea
# dados de Maycom Incêncio Ferreira, Doutorado em Ciência do Solo - UFLA
#------------------------------------------------------------------------------------------
PLA	TRAT	K	Na	Naplus	BJ	REP	AP	NF	MFF	MFC	MFPA	MFR	DC	VR	CR	MSF	MSC	MSPA	MSR	RRPA
E	Na 0	1	0	0	0	1	18.0	6	3.123	1.845	4.968	5.054	3.600	5.000	21.000	0.750	0.668	1.418	0.551	0.389
E	Na 0	1	0	0	0	2	21.0	6	3.386	1.564	4.950	3.704	3.500	6.000	19.000	0.772	0.572	1.344	0.443	0.330
E	Na 0	1	0	0	0	3	20.0	7	3.817	1.534	5.351	4.096	3.400	6.000	23.000	0.654	0.488	1.142	0.578	0.506
E	Na 0	1	0	0	0	4	21.0	7	3.442	1.648	5.090	4.285	3.500	5.000	23.000	0.725	0.576	1.301	0.524	0.403
E	Na 2	0.67	0.33	0	0	1	20.0	7	3.466	1.817	5.282	4.380	3.800	3.500	23.000	0.849	0.746	1.595	0.512	0.321
E	Na 2	0.67	0.33	0	0	2	22.0	5	3.043	1.644	4.687	4.609	3.500	4.000	25.000	0.705	0.616	1.321	0.665	0.503
E	Na 2	0.67	0.33	0	0	3	19.0	6	3.675	1.919	5.594	4.300	4.500	3.000	28.000	0.946	0.779	1.725	0.623	0.361
E	Na 2	0.67	0.33	0	0	4	24.0	8	3.679	1.887	5.566	4.232	3.400	3.400	25.500	0.833	0.714	1.547	0.600	0.388
E	Na 3	0.5	0.5	0	0	1	33.0	6	4.121	2.204	6.325	4.747	3.700	6.000	30.000	1.012	0.846	1.858	0.576	0.310
E	Na 3	0.5	0.5	0	0	2	32.0	7	5.141	3.259	8.400	4.531	4.100	6.000	23.000	1.294	1.197	2.491	0.703	0.282
E	Na 3	0.5	0.5	0	0	3	24.0	5	4.270	2.523	6.793	4.388	3.200	5.500	26.500	1.153	1.022	2.175	0.640	0.294
E	Na 3	0.5	0.5	0	0	4	29.7	6	4.511	2.662	7.173	4.555	2.900	5.500	26.500	1.456	0.923	2.379	0.67	0.28
E	Na 4	0.33	0.67	0	0	1	27.5	5	4.146	2.130	6.276	4.704	3.800	6.000	34.000	1.013	0.702	1.715	0.807	0.471
E	Na 4	0.33	0.67	0	0	2	24.5	6	3.319	2.469	5.788	3.906	3.000	5.000	32.500	0.823	0.994	1.817	0.539	0.297
E	Na 4	0.33	0.67	0	0	3	36.0	7	3.851	2.380	6.231	4.916	3.600	5.500	26.500	0.932	0.869	1.801	0.610	0.339
E	Na 4	0.33	0.67	0	0	4	34.0	6	4.412	2.898	7.310	4.310	4.100	4.000	23.000	1.105	1.119	1.778	0.653	0.367
E	Na 6	0	1	0	0	1	25.0	5	3.490	1.742	5.232	5.920	2.200	3.000	23.500	0.967	0.576	1.543	0.772	0.500
E	Na 6	0	1	0	0	2	27.5	6	3.285	1.780	5.065	4.441	2.400	4.000	32.000	0.826	0.690	1.516	0.595	0.392
E	Na 6	0	1	0	0	3	27.0	7	4.351	2.485	6.836	7.559	4.000	6.000	31.000	1.294	0.877	2.171	0.997	0.459
E	Na 6	0	1	0	0	4	26.5	7	2.835	2.002	4.837	5.973	2.900	4.500	28.800	1.029	0.714	1.743	0.788	0.452
E	Na +	0	0	1	0	1	38.0	8	3.349	3.727	7.076	8.874	3.300	9.000	34.000	0.842	1.270	2.112	0.755	0.357
E	Na +	0	0	1	0	2	33.5	8	5.529	3.053	8.582	9.998	4.100	12.000	27.000	1.293	1.177	2.470	0.977	0.396
E	Na +	0	0	1	0	3	40.0	8	7.381	4.852	12.233	7.428	5.100	9.000	30.000	1.441	1.712	3.153	1.003	0.318
E	Na +	0	0	1	0	4	40.5	7	5.066	3.277	8.343	9.196	4.200	7.000	21.000	1.105	0.922	2.027	0.990	0.488
E	BJ	0	0	0	1	1	27.0	7	3.939	2.248	6.187	3.820	4.500	5.000	22.000	0.940	0.631	1.571	0.458	0.292
E	BJ	0	0	0	1	2	31.8	6	4.052	2.424	6.476	4.617	3.438	7.000	27.750	0.888	0.768	1.656	0.544	0.329
E	BJ	0	0	0	1	3	36.0	7	4.985	2.939	7.924	4.725	4.000	8.000	30.500	1.102	1.080	2.182	0.431	0.198
E	BJ	0	0	0	1	4	29.0	6	3.079	2.042	5.121	3.553	2.700	5.000	20.500	0.735	0.803	1.538	0.385	0.250
E	BJ	0	0	0	1	5	31.0	7	4.032	2.491	6.523	4.139	3.350	6.500	25.500	0.916	0.821	1.737	0.455	0.262
E	BJ	0	0	0	1	6	30.5	7	4.112	2.223	6.335	6.050	3.700	9.000	34.500	0.980	0.842	1.822	0.502	0.276
S	Na 0	1	0	0	0	1	36.0	9	17.690	8.707	26.397	28.271	5.600	50.000	45.000	2.957	1.442	4.399	1.574	0.358
S	Na 0	1	0	0	0	2	35.6	12	17.874	9.934	27.808	31.961	6.400	65.000	38.000	4.018	2.250	6.268	2.698	0.430
S	Na 0	1	0	0	0	3	38.5	11	10.879	10.360	21.239	28.603	6.100	50.000	50.500	3.889	2.126	6.015	2.296	0.382
S	Na 0	1	0	0	0	4	33.0	10	12.226	8.956	21.182	24.248	4.800	55.000	37.500	3.621	2.029	5.650	2.189	0.387
S	Na 2	0.67	0.33	0	0	1	38.0	11	24.168	10.690	34.858	26.226	5.800	55.000	41.000	4.587	2.030	6.617	2.525	0.382
S	Na 2	0.67	0.33	0	0	2	48.0	12	25.145	13.946	39.091	37.334	6.300	70.000	46.000	4.637	2.780	7.417	3.486	0.470
S	Na 2	0.67	0.33	0	0	3	44.0	13	23.563	13.592	37.155	32.668	6.400	65.000	53.000	4.559	2.854	7.413	3.169	0.427
S	Na 2	0.67	0.33	0	0	4	47.5	12	23.796	14.914	38.710	37.282	6.400	65.000	46.000	4.565	2.673	7.238	3.405	0.470
S	Na 3	0.5	0.5	0	0	1	45.5	13	23.916	13.093	37.009	40.509	6.300	65.000	44.000	4.444	2.454	6.898	3.465	0.502
S	Na 3	0.5	0.5	0	0	2	41.5	11	22.479	12.264	34.743	34.636	5.900	70.000	46.500	4.123	2.297	6.420	3.456	0.538
S	Na 3	0.5	0.5	0	0	3	42.0	12	22.662	12.290	34.952	29.519	6.100	80.000	39.000	4.150	2.592	6.742	3.670	0.544
S	Na 3	0.5	0.5	0	0	4	41.0	11	20.858	11.410	32.268	33.880	6.600	64.000	56.500	3.827	2.100	5.927	3.142	0.530
S	Na 4	0.33	0.67	0	0	1	42.5	13	23.437	12.389	35.826	37.072	6.400	72.000	38.500	4.808	2.697	7.505	3.765	0.502
S	Na 4	0.33	0.67	0	0	2	46.0	13	24.229	13.179	37.408	40.548	7.100	80.000	30.000	4.768	3.035	7.803	3.857	0.494
S	Na 4	0.33	0.67	0	0	3	40.0	11	23.671	11.993	35.664	35.385	6.200	67.000	42.000	4.873	2.258	7.131	3.692	0.518
S	Na 4	0.33	0.67	0	0	4	41.5	12	22.411	11.994	34.405	35.283	6.000	70.000	43.500	4.783	2.797	7.580	3.747	0.494
S	Na 6	0	1	0	0	1	7.5	5	0.992	0.428	1.420	1.060	2.100	0.500	58.500	0.192	0.071	0.263	0.045	0.171
S	Na 6	0	1	0	0	2	7.0	5	0.943	0.302	1.245	0.713	1.700	0.500	44.000	0.190	0.047	0.237	0.038	0.160
S	Na 6	0	1	0	0	3	8.0	6	1.010	0.503	1.513	0.792	2.100	0.600	35.000	0.228	0.059	0.287	0.041	0.143
S	Na 6	0	1	0	0	4	5.5	6	1.340	0.402	1.742	1.243	2.200	0.700	46.000	0.254	0.063	0.317	0.056	0.177
S	Na +	0	0	1	0	1	41.0	10	21.794	12.871	34.665	32.250	6.300	65.000	42.000	3.094	2.302	5.396	2.960	0.549
S	Na +	0	0	1	0	2	37.5	11	21.235	11.184	32.419	24.615	7.000	40.000	40.000	3.634	2.253	5.887	2.357	0.400
S	Na +	0	0	1	0	3	46.0	10	24.061	13.943	38.004	30.650	6.400	70.000	32.000	4.578	2.811	7.389	3.713	0.503
S	Na +	0	0	1	0	4	39.5	12	20.087	11.433	31.520	29.172	6.400	42.000	50.000	3.557	2.156	5.713	3.099	0.542
S	BJ	0	0	0	1	1	29.0	8	9.000	5.762	14.762	15.466	4.400	24.000	58.000	1.561	1.109	2.670	1.381	0.517
S	BJ	0	0	0	1	2	28.0	8	8.255	4.742	12.997	14.323	4.700	22.000	43.500	1.338	0.836	2.174	1.413	0.650
S	BJ	0	0	0	1	2	26.5	9	8.689	5.071	13.760	15.829	5.400	24.000	52.500	1.736	1.142	2.878	1.590	0.552
S	BJ	0	0	0	1	3	35.0	10	12.845	8.200	21.045	20.048	5.500	25.000	53.000	1.545	1.029	2.574	1.461	0.568
S	BJ	0	0	0	1	4	26.0	8	8.430	4.495	12.925	14.875	4.900	22.500	44.500	1.635	1.017	2.652	1.512	0.570
S	BJ	0	0	0	1	6	24.5	9	8.269	5.102	13.371	15.556	4.800	23.000	52.000	1.448	1.058	2.506	1.112	0.444

